COUNTRY BORDERS

1    2
1    5
1    8
1    9
2    3
3    34
4    8
4    10
4    18
5    2
5    3
5    6
6    7
7    14
8    5
9    10
11    12
11    13
11    15
11    16
12    41
13    12
14    12
15    13
16    12
16    13
17    18
17    19
18    25
19    20
19    41
20    21
20    22
21    17
21    22
21    23
23    24
23    43
24    25
24    27
24    30
24    39
26    39
26    40
27    31
27    35
28    29
28    34
28    35
28    36
28    37
28    38
29    30
29    38
29    47
30    27
30    36
30    37
30    39
31    32
31    35
32    3
32    34
32    35
33    28
33    34
34    36
35    34
35    36
36    27
36    37
37    38
39    23
39    40
39    43
40    43
41    42
41    43
41    45
42    43
42    45
43    44
44    45
45    46
46    42
47    50
48    38
49    50
50    15
50    48